Scatterer_ocean
{
	Ocean
	{
		name:NEEDS[!GPP_Secondary] = Kerbin
		name:NEEDS[GPP_Secondary] = Gael
		m_foamAnsio = 9
		m_foamMipMapBias = -2
		m_whiteCapStr = 0.519999981
		shoreFoam = 1
		m_farWhiteCapStr = 0.119999997
		choppynessMultiplier = 1
		AMP = 2
		m_ansio = 2
		m_windSpeed = 7
		m_omega = 0.699999988
		m_varianceSize = 4
		m_oceanUpwellingColor = 0.00100000005,0.00389999989,0.0117800003
		m_UnderwaterColor = 0.00999999978,0.100000001,0.129999995
		m_oceanLevel = 0
		m_zmin = 20000
		m_resolution = 4
		MAX_VERTS = 65000
		oceanScale = 1
		oceanAlpha = 0.949999988
		alphaRadius = 1400
		transparencyDepth = 100
		darknessDepth = 900
		refractionIndex = 1.33000004
		fakeOceanAltitude = 160000
	}
}
