Scatterer_ocean
{
	Ocean
	{
		name = Hadrian
		m_foamAnsio = 9
		m_foamMipMapBias = -2
		m_whiteCapStr = 0.5
		shoreFoam = 1
		m_farWhiteCapStr = 0.200000003
		choppynessMultiplier = 2
		AMP = 2
		m_ansio = 2
		m_windSpeed = 1.60000002
		m_omega = 0.600000024
		m_varianceSize = 2
		m_oceanUpwellingColor = 0.0500000007,0.150000006,0.273999989
		m_UnderwaterColor = 0.200000003,0.300000012,0.449999988
		m_oceanLevel = 0
		m_zmin = 20000
		m_resolution = 4
		MAX_VERTS = 65000
		oceanScale = 1
		oceanAlpha = 0.949999988
		alphaRadius = 400
		transparencyDepth = 100
		darknessDepth = 1000
		refractionIndex = 1.33000004
		fakeOceanAltitude = 160000
	}
}
