Scatterer_ocean
{
	Ocean
	{
		name = Tarsiss
		m_foamAnsio = 9
		m_foamMipMapBias = -2
		m_whiteCapStr = 0
		shoreFoam = 1
		m_farWhiteCapStr = -0.200000003
		choppynessMultiplier = 1
		AMP = 1
		m_ansio = 2
		m_windSpeed = 1
		m_omega = 0.400000006
		m_varianceSize = 2
		m_oceanUpwellingColor = 0.439999998,0.540000021,0.54400003
		m_UnderwaterColor = 0.400000006,0.400000006,0.439999998
		m_oceanLevel = 0
		m_zmin = 20000
		m_resolution = 4
		MAX_VERTS = 65000
		oceanScale = 1
		oceanAlpha = 0.949999988
		alphaRadius = 400
		transparencyDepth = 200
		darknessDepth = 950
		refractionIndex = 1.33000004
		fakeOceanAltitude = 160000
	}
}
