@Kopernicus:AFTER[Kopernicus] 
{
	@Body[Sun]
	{  
		@Properties
		{
			description = Test
			radius = 70980000

			geeASL = 25.8

			rotates = true
			rotationPeriod = 540000
			tidallyLocked = false
			initialRotation = 0
			timewarpAltitudeLimits = 0 1200000 1600000 1600000 16000000 12000000 24000000 36000000
			@ScienceValues

			{

				flyingLowDataValue = 16
				flyingHighDataValue = 16
				inSpaceLowDataValue = 16
				inSpaceHighDataValue = 2
				recoveryValue = 4
				flyingAltitudeThreshold = 600000
				spaceAltitudeThreshold = 1E+09
			}

		}
		Atmosphere
		{

			enabled = True
			oxygen = False
			staticDensityASL = 0.000724928619656331
			adiabaticIndex = 1.43
			maxAltitude = 1600000.0
			altitude = 1600000.0
			atmosphereDepth = 1600000.0
			gasMassLapseRate = 0.465695400139801
			atmosphereMolarMass = 0.0013
			pressureCurveIsNormalized = False
			staticPressureASL = 10.1325
			temperatureCurveIsNormalized = False
			temperatureLapseRate = 0.00973333333333333
			temperatureSeaLevel = 5840
			ambientColor = 0,0,0,0
			pressureCurve
			{
				key = 0 10.1325 0 -9.07334E-05
				key = 100000 3.89728 -3.95820E-05 -3.95820E-05
				key = 200000 1.33292 -1.50191E-05 -1.50191E-05
				key = 300000 0.414079 -4.98170E-06 -4.98170E-06
				key = 400000 0.122806 -1.48506E-06 -1.48506E-06
				key = 500000 0.0392710 -4.15087E-07 -4.15087E-07
				key = 600000 0.0146476 -1.36326E-07 -1.36326E-07
				key = 700000 0.00598160 -5.18568E-08 -5.18567E-08
				key = 800000 0.00256464 -2.12694E-08 -2.12694E-08
				key = 900000 0.00113391 -9.13025E-09 -9.13025E-09
				key = 1000000 0.000510715 -4.04079E-09 -4.04079E-09
				key = 1100000 0.000232657 -1.81843E-09 -1.81843E-09
				key = 1200000 0.000107000 -8.25377E-10 -8.25377E-10
				key = 1300000 4.98646E-05 -3.75838E-10 -3.75838E-10
				key = 1400000 2.37990E-05 -1.72160E-10 -1.72160E-10
				key = 1500000 1.17848E-05 -7.99732E-11 -7.99732E-11
				key = 1600000 0 0 0
			}
			// Atmosphere Temperature
			temperatureSeaLevel = 5524
			temperatureCurve
			{
				key = 0 5524 0 -0.0075
				key = 375000 4000 0 0
				key = 560000 5000 0.005625 0.005625
				key = 800000 5800 0.002 0.002
				key = 1200000 6150 0.00075 0.00075
				key = 1440000 6650 0.00375 0.00375
				key = 1560000 7600 0.0175 0.0175
				key = 1600000 10000 0.125 0
			}
			temperatureLatitudeSunMultCurve
			{
				key = 0 0 0 0
			}
		}
		@ScaledVersion
		{
			Light
			{
				sunlightColor = 1, 0.92, 0.85, 1
				sunlightIntensity = 0.45
				sunlightShadowStrength = 0.75
				scaledSunlightColor = 1, 0.92, 0.85, 1
				scaledSunlightIntensity = 0.45
				IVASunColor = 1, 0.92, 0.85, 1
				IVASunIntensity = 0.34
				ambientLightColor = 0.06,0.06,0.06,1
				sunLensFlareColor = 0, 0, 0, 0
				givesOffLight = True
				sunAU = 13984359719
				luminosity = 1360
				insolation = 0.15
				brightnessCurve
				{
					key = -0.01573471 0.217353 1.706627 1.706627
					key = 5.084181 3.997075 -0.001802375 -0.001802375
					key = 38.56295 1.82142 0.0001713 0.0001713
				}
			}
			Coronas
			{
				Corona
				{
					scaleSpeed = 0.007
					scaleLimitY = 5
					scaleLimitX = 5
					updateInterval = 5
					speed = -1
					rotation = 0
				}
				Corona
				{
					scaleSpeed = 0.009
					scaleLimitY = 5
					scaleLimitX = 5
					updateInterval = 5
					speed = 1
					rotation = 0
				}
			}
			Material
			{
				rimColor = 1,1,1,1
				emitColor0 = 1,0.97,0.83,1
				emitColor1 = 1,0.887,0.72,1
				sunspotColor = 0.54,0.35,0.13,1
			}
		}
	}	
}